0.0;4.805;0.0;-1.156;4.526;0.133;-2.818;5.228;3.821;-3.017;1.143;2.72;1.128;4.443;0.169;3.489;4.892;3.497;2.69;0.999;1.786;0.034;5.487;-0.619;0.189;8.433;-0.859;0.076;10.018;-0.471;0.221;10.868;0.453;-0.433;9.851;-0.147;-1.766;9.449;-0.049;-2.442;7.781;2.072;-1.201;7.882;4.116;0.492;9.887;-0.022;1.797;9.437;-0.235;3.109;7.455;1.434;2.097;7.637;3.676
-0.002;4.806;-0.0;-1.158;4.526;0.133;-2.825;5.231;3.818;-3.024;1.146;2.717;1.126;4.445;0.169;3.486;4.897;3.497;2.688;0.999;1.795;0.031;5.488;-0.62;0.176;8.434;-0.859;0.065;10.02;-0.471;0.21;10.869;0.454;-0.442;9.853;-0.145;-1.776;9.45;-0.055;-2.47;7.778;2.057;-1.251;7.908;4.112;0.483;9.888;-0.024;1.779;9.428;-0.269;3.151;7.412;1.307;2.305;7.65;3.611
-0.003;4.807;0.0;-1.159;4.526;0.134;-2.826;5.233;3.818;-3.028;1.148;2.714;1.126;4.446;0.168;3.487;4.901;3.495;2.689;0.999;1.803;0.03;5.489;-0.619;0.167;8.436;-0.854;0.061;10.021;-0.463;0.205;10.869;0.462;-0.446;9.855;-0.135;-1.78;9.451;-0.058;-2.506;7.774;2.039;-1.313;7.929;4.108;0.481;9.888;-0.019;1.765;9.417;-0.3;3.212;7.373;1.17;2.589;7.655;3.539
-0.001;4.807;0.001;-1.157;4.527;0.137;-2.823;5.234;3.821;-3.029;1.151;2.713;1.128;4.446;0.167;3.494;4.904;3.491;2.691;0.998;1.809;0.032;5.49;-0.617;0.165;8.438;-0.845;0.065;10.023;-0.45;0.208;10.869;0.477;-0.44;9.857;-0.12;-1.776;9.455;-0.058;-2.548;7.769;2.015;-1.388;7.945;4.101;0.487;9.888;-0.008;1.759;9.406;-0.324;3.29;7.344;1.03;2.946;7.647;3.453
0.003;4.808;0.003;-1.153;4.529;0.14;-2.816;5.234;3.826;-3.028;1.153;2.712;1.131;4.444;0.167;3.504;4.904;3.485;2.694;0.997;1.811;0.036;5.492;-0.614;0.174;8.44;-0.831;0.081;10.024;-0.431;0.222;10.868;0.498;-0.424;9.859;-0.1;-1.761;9.46;-0.055;-2.585;7.763;1.988;-1.459;7.952;4.091;0.504;9.886;0.01;1.766;9.397;-0.333;3.383;7.334;0.917;3.34;7.626;3.365
0.008;4.808;0.005;-1.148;4.532;0.143;-2.805;5.233;3.833;-3.025;1.154;2.713;1.136;4.44;0.166;3.516;4.903;3.479;2.698;0.995;1.811;0.042;5.494;-0.61;0.193;8.442;-0.815;0.109;10.025;-0.408;0.246;10.867;0.523;-0.396;9.861;-0.076;-1.735;9.467;-0.05;-2.61;7.757;1.962;-1.514;7.951;4.08;0.532;9.883;0.031;1.789;9.391;-0.326;3.489;7.347;0.844;3.739;7.599;3.284
0.015;4.808;0.008;-1.143;4.536;0.146;-2.792;5.232;3.841;-3.021;1.155;2.714;1.141;4.436;0.166;3.53;4.901;3.472;2.702;0.993;1.808;0.051;5.496;-0.605;0.22;8.444;-0.797;0.146;10.025;-0.384;0.279;10.866;0.549;-0.36;9.864;-0.053;-1.701;9.474;-0.043;-2.623;7.752;1.938;-1.551;7.945;4.069;0.568;9.879;0.055;1.824;9.387;-0.306;3.602;7.38;0.81;4.114;7.573;3.215
0.022;4.808;0.011;-1.137;4.541;0.149;-2.778;5.23;3.849;-3.016;1.155;2.715;1.146;4.43;0.167;3.543;4.897;3.467;2.704;0.991;1.804;0.06;5.497;-0.6;0.253;8.445;-0.779;0.188;10.025;-0.361;0.318;10.865;0.574;-0.319;9.866;-0.031;-1.662;9.482;-0.034;-2.624;7.75;1.918;-1.57;7.933;4.059;0.609;9.875;0.078;1.868;9.386;-0.275;3.717;7.432;0.818;4.445;7.557;3.171
0.028;4.808;0.014;-1.131;4.546;0.152;-2.765;5.227;3.856;-3.012;1.155;2.716;1.152;4.425;0.168;3.556;4.892;3.462;2.707;0.989;1.798;0.069;5.499;-0.595;0.289;8.446;-0.762;0.233;10.025;-0.339;0.357;10.864;0.597;-0.277;9.867;-0.011;-1.621;9.489;-0.026;-2.618;7.749;1.902;-1.578;7.92;4.05;0.651;9.87;0.101;1.916;9.387;-0.238;3.829;7.497;0.859;4.723;7.553;3.156
0.035;4.808;0.017;-1.126;4.551;0.155;-2.753;5.225;3.863;-3.008;1.155;2.717;1.156;4.419;0.17;3.567;4.887;3.459;2.708;0.987;1.792;0.078;5.501;-0.591;0.325;8.446;-0.748;0.276;10.024;-0.32;0.396;10.863;0.617;-0.236;9.868;0.006;-1.581;9.495;-0.019;-2.607;7.751;1.889;-1.576;7.906;4.044;0.691;9.866;0.121;1.965;9.39;-0.198;3.931;7.569;0.921;4.947;7.564;3.168
0.04;4.808;0.019;-1.122;4.556;0.157;-2.744;5.223;3.868;-3.006;1.155;2.719;1.16;4.414;0.171;3.576;4.882;3.457;2.71;0.985;1.789;0.087;5.502;-0.586;0.358;8.445;-0.735;0.315;10.023;-0.304;0.431;10.863;0.633;-0.199;9.869;0.019;-1.545;9.501;-0.013;-2.594;7.754;1.881;-1.569;7.894;4.039;0.728;9.862;0.138;2.01;9.394;-0.159;4.018;7.642;0.994;5.121;7.587;3.199
0.045;4.808;0.022;-1.118;4.56;0.158;-2.737;5.222;3.872;-3.005;1.154;2.721;1.164;4.41;0.173;3.583;4.879;3.457;2.711;0.983;1.787;0.095;5.503;-0.582;0.388;8.445;-0.725;0.349;10.022;-0.291;0.461;10.862;0.645;-0.166;9.869;0.03;-1.514;9.506;-0.008;-2.581;7.759;1.876;-1.559;7.883;4.037;0.76;9.858;0.152;2.049;9.399;-0.124;4.09;7.711;1.068;5.254;7.616;3.24
0.05;4.809;0.024;-1.114;4.563;0.16;-2.731;5.221;3.875;-3.005;1.154;2.723;1.167;4.406;0.176;3.588;4.875;3.457;2.712;0.98;1.787;0.102;5.504;-0.579;0.413;8.444;-0.716;0.378;10.021;-0.281;0.486;10.862;0.655;-0.139;9.87;0.038;-1.487;9.51;-0.004;-2.569;7.765;1.873;-1.549;7.875;4.035;0.787;9.855;0.163;2.083;9.403;-0.092;4.149;7.775;1.139;5.356;7.65;3.285
0.053;4.809;0.026;-1.111;4.566;0.16;-2.728;5.22;3.877;-3.006;1.154;2.723;1.169;4.403;0.178;3.591;4.872;3.459;2.712;0.979;1.787;0.107;5.505;-0.576;0.435;8.443;-0.71;0.403;10.02;-0.273;0.507;10.862;0.663;-0.115;9.87;0.044;-1.465;9.514;-0.0;-2.559;7.771;1.872;-1.539;7.868;4.035;0.81;9.853;0.173;2.112;9.408;-0.065;4.195;7.832;1.203;5.432;7.685;3.332
0.056;4.809;0.028;-1.109;4.569;0.161;-2.726;5.219;3.878;-3.007;1.153;2.721;1.171;4.401;0.18;3.593;4.869;3.461;2.711;0.978;1.787;0.113;5.506;-0.573;0.454;8.443;-0.704;0.424;10.019;-0.266;0.524;10.862;0.669;-0.096;9.87;0.049;-1.446;9.517;0.003;-2.551;7.778;1.872;-1.53;7.862;4.035;0.829;9.851;0.18;2.136;9.411;-0.042;4.234;7.881;1.258;5.496;7.718;3.37
0.059;4.809;0.03;-1.107;4.571;0.161;-2.726;5.217;3.878;-3.008;1.153;2.719;1.173;4.399;0.183;3.594;4.866;3.465;2.709;0.977;1.787;0.117;5.507;-0.57;0.469;8.442;-0.699;0.441;10.018;-0.261;0.537;10.862;0.674;-0.08;9.87;0.053;-1.431;9.52;0.004;-2.544;7.785;1.872;-1.523;7.858;4.035;0.845;9.849;0.186;2.155;9.415;-0.022;4.264;7.924;1.305;5.549;7.747;3.403
0.06;4.809;0.031;-1.106;4.573;0.161;-2.726;5.216;3.878;-3.01;1.153;2.715;1.174;4.397;0.185;3.593;4.864;3.468;2.707;0.976;1.788;0.121;5.507;-0.568;0.482;8.441;-0.696;0.456;10.018;-0.258;0.547;10.862;0.677;-0.066;9.87;0.055;-1.418;9.524;0.006;-2.54;7.792;1.872;-1.516;7.856;4.034;0.858;9.848;0.191;2.171;9.417;-0.007;4.29;7.959;1.343;5.592;7.775;3.428
0.062;4.809;0.033;-1.105;4.574;0.161;-2.727;5.215;3.877;-3.012;1.153;2.711;1.174;4.395;0.187;3.592;4.862;3.472;2.704;0.975;1.789;0.124;5.507;-0.566;0.492;8.441;-0.694;0.466;10.017;-0.257;0.554;10.863;0.677;-0.057;9.87;0.055;-1.409;9.527;0.006;-2.536;7.801;1.875;-1.509;7.856;4.036;0.867;9.847;0.193;2.183;9.42;0.004;4.307;7.987;1.371;5.619;7.8;3.451
0.063;4.809;0.034;-1.104;4.575;0.161;-2.729;5.214;3.877;-3.014;1.153;2.707;1.175;4.394;0.189;3.59;4.86;3.476;2.701;0.975;1.791;0.126;5.507;-0.565;0.498;8.44;-0.695;0.472;10.017;-0.258;0.556;10.865;0.675;-0.051;9.87;0.053;-1.404;9.53;0.007;-2.533;7.812;1.881;-1.5;7.858;4.04;0.873;9.847;0.192;2.191;9.422;0.009;4.317;8.008;1.392;5.626;7.825;3.474
0.064;4.809;0.035;-1.104;4.575;0.162;-2.732;5.213;3.876;-3.016;1.153;2.702;1.175;4.394;0.191;3.588;4.858;3.48;2.698;0.974;1.792;0.127;5.507;-0.564;0.5;8.44;-0.698;0.474;10.017;-0.262;0.554;10.866;0.669;-0.049;9.871;0.049;-1.403;9.533;0.008;-2.529;7.825;1.893;-1.488;7.863;4.048;0.875;9.848;0.188;2.193;9.424;0.008;4.317;8.02;1.405;5.611;7.848;3.497
0.064;4.809;0.036;-1.103;4.575;0.162;-2.735;5.212;3.875;-3.018;1.153;2.698;1.175;4.394;0.193;3.586;4.857;3.483;2.696;0.974;1.794;0.127;5.507;-0.563;0.496;8.44;-0.703;0.469;10.017;-0.27;0.546;10.869;0.659;-0.053;9.871;0.042;-1.408;9.535;0.009;-2.523;7.84;1.913;-1.473;7.872;4.063;0.871;9.849;0.179;2.189;9.425;-0.001;4.305;8.021;1.407;5.563;7.871;3.523
0.063;4.808;0.036;-1.104;4.574;0.163;-2.737;5.211;3.875;-3.018;1.152;2.696;1.175;4.395;0.193;3.584;4.857;3.486;2.695;0.974;1.795;0.126;5.506;-0.563;0.486;8.44;-0.712;0.457;10.018;-0.283;0.532;10.872;0.645;-0.064;9.871;0.031;-1.42;9.536;0.011;-2.517;7.859;1.94;-1.456;7.887;4.085;0.86;9.852;0.166;2.177;9.427;-0.018;4.278;8.011;1.402;5.472;7.893;3.556
0.063;4.808;0.036;-1.104;4.571;0.164;-2.739;5.211;3.874;-3.017;1.152;2.696;1.176;4.397;0.194;3.583;4.858;3.487;2.696;0.973;1.798;0.124;5.505;-0.564;0.471;8.439;-0.725;0.437;10.019;-0.3;0.512;10.876;0.625;-0.082;9.871;0.016;-1.438;9.537;0.011;-2.51;7.881;1.972;-1.438;7.91;4.112;0.843;9.856;0.148;2.158;9.428;-0.041;4.234;7.989;1.392;5.333;7.918;3.598
0.061;4.807;0.036;-1.104;4.568;0.165;-2.74;5.211;3.874;-3.016;1.151;2.698;1.176;4.399;0.194;3.583;4.859;3.487;2.699;0.973;1.799;0.121;5.504;-0.565;0.451;8.439;-0.741;0.412;10.02;-0.323;0.486;10.881;0.599;-0.106;9.872;-0.004;-1.461;9.536;0.008;-2.501;7.904;2.006;-1.42;7.942;4.141;0.82;9.861;0.124;2.133;9.429;-0.071;4.173;7.958;1.381;5.142;7.944;3.649
0.06;4.806;0.036;-1.105;4.564;0.165;-2.742;5.211;3.874;-3.013;1.15;2.701;1.175;4.402;0.193;3.584;4.86;3.486;2.702;0.973;1.802;0.117;5.502;-0.567;0.428;8.438;-0.76;0.383;10.021;-0.351;0.458;10.885;0.568;-0.133;9.872;-0.029;-1.487;9.533;-0.001;-2.491;7.927;2.037;-1.398;7.984;4.165;0.793;9.866;0.096;2.104;9.43;-0.105;4.097;7.921;1.374;4.902;7.974;3.704
0.058;4.805;0.035;-1.106;4.559;0.166;-2.743;5.212;3.874;-3.011;1.15;2.706;1.175;4.405;0.193;3.586;4.863;3.484;2.707;0.972;1.805;0.112;5.499;-0.57;0.405;8.436;-0.783;0.352;10.022;-0.383;0.427;10.891;0.531;-0.162;9.871;-0.059;-1.515;9.529;-0.016;-2.478;7.948;2.061;-1.369;8.034;4.18;0.764;9.871;0.064;2.073;9.43;-0.14;4.008;7.88;1.373;4.619;8.007;3.758
0.057;4.804;0.034;-1.107;4.554;0.166;-2.744;5.213;3.872;-3.009;1.148;2.712;1.175;4.408;0.193;3.587;4.865;3.482;2.712;0.972;1.808;0.108;5.496;-0.573;0.383;8.433;-0.807;0.322;10.021;-0.418;0.397;10.895;0.491;-0.192;9.871;-0.093;-1.543;9.523;-0.037;-2.462;7.965;2.077;-1.332;8.088;4.183;0.734;9.876;0.03;2.042;9.43;-0.174;3.909;7.841;1.382;4.304;8.043;3.808
0.055;4.802;0.033;-1.108;4.55;0.165;-2.746;5.215;3.87;-3.008;1.147;2.717;1.174;4.41;0.193;3.588;4.867;3.481;2.715;0.971;1.812;0.104;5.493;-0.576;0.364;8.43;-0.832;0.294;10.02;-0.455;0.369;10.9;0.449;-0.219;9.869;-0.13;-1.568;9.516;-0.062;-2.442;7.979;2.085;-1.286;8.143;4.175;0.707;9.88;-0.006;2.014;9.43;-0.204;3.807;7.806;1.402;3.973;8.081;3.847
0.053;4.801;0.031;-1.109;4.545;0.164;-2.75;5.215;3.867;-3.007;1.146;2.718;1.173;4.412;0.193;3.587;4.868;3.482;2.717;0.971;1.814;0.101;5.49;-0.58;0.348;8.425;-0.857;0.27;10.018;-0.492;0.343;10.903;0.407;-0.243;9.868;-0.167;-1.591;9.509;-0.091;-2.421;7.989;2.086;-1.238;8.195;4.156;0.682;9.884;-0.04;1.989;9.43;-0.229;3.703;7.777;1.434;3.641;8.12;3.875
0.05;4.799;0.029;-1.111;4.541;0.161;-2.756;5.214;3.862;-3.007;1.144;2.716;1.171;4.413;0.194;3.584;4.868;3.484;2.715;0.971;1.815;0.098;5.486;-0.583;0.336;8.421;-0.88;0.25;10.016;-0.526;0.32;10.906;0.367;-0.264;9.865;-0.202;-1.61;9.501;-0.121;-2.402;7.997;2.081;-1.193;8.243;4.132;0.661;9.886;-0.072;1.969;9.43;-0.248;3.602;7.756;1.473;3.318;8.157;3.89
0.048;4.797;0.028;-1.113;4.537;0.158;-2.764;5.213;3.855;-3.009;1.142;2.711;1.169;4.414;0.195;3.578;4.867;3.488;2.712;0.971;1.816;0.095;5.483;-0.587;0.327;8.416;-0.901;0.233;10.013;-0.558;0.3;10.909;0.331;-0.282;9.863;-0.236;-1.627;9.494;-0.152;-2.388;8.004;2.07;-1.16;8.286;4.105;0.642;9.888;-0.1;1.951;9.431;-0.26;3.505;7.741;1.518;3.016;8.189;3.893
0.045;4.795;0.025;-1.116;4.533;0.153;-2.774;5.212;3.847;-3.012;1.14;2.705;1.166;4.415;0.197;3.57;4.866;3.494;2.706;0.971;1.818;0.092;5.48;-0.59;0.32;8.412;-0.92;0.219;10.01;-0.586;0.281;10.91;0.299;-0.298;9.86;-0.267;-1.641;9.488;-0.183;-2.383;8.009;2.054;-1.141;8.323;4.075;0.625;9.889;-0.125;1.937;9.432;-0.268;3.413;7.73;1.565;2.739;8.215;3.886
0.042;4.793;0.023;-1.119;4.53;0.148;-2.786;5.21;3.837;-3.017;1.138;2.696;1.163;4.415;0.199;3.561;4.865;3.501;2.7;0.971;1.82;0.09;5.477;-0.594;0.315;8.408;-0.935;0.207;10.007;-0.609;0.264;10.91;0.273;-0.312;9.857;-0.293;-1.655;9.481;-0.214;-2.392;8.013;2.03;-1.15;8.355;4.047;0.609;9.889;-0.145;1.923;9.432;-0.27;3.331;7.722;1.608;2.5;8.235;3.872
0.038;4.791;0.021;-1.123;4.526;0.142;-2.799;5.209;3.826;-3.024;1.136;2.687;1.16;4.415;0.201;3.55;4.863;3.509;2.693;0.97;1.824;0.088;5.474;-0.597;0.311;8.404;-0.947;0.197;10.004;-0.628;0.248;10.91;0.251;-0.325;9.854;-0.316;-1.667;9.476;-0.245;-2.414;8.014;2.001;-1.178;8.381;4.017;0.596;9.889;-0.16;1.911;9.432;-0.268;3.257;7.715;1.648;2.296;8.247;3.855
0.035;4.789;0.019;-1.126;4.523;0.135;-2.813;5.208;3.815;-3.033;1.133;2.678;1.156;4.414;0.203;3.538;4.862;3.517;2.686;0.969;1.829;0.086;5.471;-0.6;0.309;8.4;-0.957;0.188;10.001;-0.643;0.234;10.908;0.235;-0.336;9.851;-0.335;-1.678;9.47;-0.277;-2.449;8.012;1.963;-1.227;8.402;3.983;0.583;9.888;-0.171;1.9;9.432;-0.264;3.193;7.708;1.682;2.125;8.255;3.837
0.032;4.787;0.016;-1.13;4.52;0.129;-2.828;5.206;3.803;-3.041;1.131;2.668;1.153;4.414;0.206;3.526;4.86;3.525;2.678;0.968;1.833;0.084;5.469;-0.603;0.307;8.397;-0.963;0.18;9.999;-0.653;0.22;10.906;0.225;-0.346;9.847;-0.35;-1.689;9.465;-0.309;-2.502;8.008;1.916;-1.308;8.418;3.949;0.571;9.887;-0.177;1.888;9.43;-0.257;3.142;7.701;1.71;1.998;8.257;3.823
0.028;4.785;0.014;-1.133;4.517;0.123;-2.842;5.206;3.791;-3.051;1.129;2.661;1.15;4.413;0.208;3.515;4.859;3.534;2.672;0.967;1.839;0.082;5.466;-0.606;0.305;8.395;-0.967;0.173;9.996;-0.659;0.206;10.903;0.219;-0.356;9.844;-0.361;-1.699;9.461;-0.341;-2.564;8.002;1.864;-1.401;8.429;3.911;0.559;9.885;-0.18;1.877;9.428;-0.249;3.099;7.692;1.732;1.897;8.253;3.81
0.026;4.783;0.012;-1.136;4.513;0.117;-2.854;5.205;3.78;-3.06;1.127;2.656;1.146;4.413;0.21;3.504;4.858;3.541;2.668;0.965;1.847;0.081;5.464;-0.608;0.302;8.392;-0.971;0.164;9.994;-0.665;0.19;10.899;0.215;-0.368;9.841;-0.371;-1.71;9.457;-0.373;-2.634;7.995;1.806;-1.508;8.436;3.871;0.546;9.883;-0.181;1.864;9.426;-0.243;3.062;7.678;1.743;1.814;8.242;3.793
0.023;4.782;0.01;-1.138;4.51;0.112;-2.864;5.205;3.771;-3.068;1.125;2.653;1.144;4.414;0.212;3.496;4.858;3.547;2.665;0.964;1.853;0.079;5.461;-0.611;0.297;8.39;-0.972;0.153;9.991;-0.666;0.171;10.895;0.216;-0.381;9.837;-0.378;-1.724;9.455;-0.402;-2.72;7.992;1.744;-1.644;8.44;3.833;0.531;9.882;-0.18;1.848;9.422;-0.237;3.034;7.659;1.743;1.757;8.223;3.775
0.021;4.78;0.009;-1.14;4.506;0.109;-2.872;5.206;3.764;-3.074;1.123;2.653;1.142;4.414;0.213;3.489;4.859;3.552;2.664;0.962;1.859;0.077;5.459;-0.612;0.291;8.389;-0.971;0.14;9.989;-0.664;0.149;10.89;0.221;-0.396;9.833;-0.38;-1.739;9.454;-0.429;-2.819;7.992;1.677;-1.807;8.44;3.799;0.514;9.88;-0.175;1.831;9.418;-0.232;3.016;7.638;1.733;1.73;8.196;3.761
0.019;4.779;0.008;-1.142;4.502;0.106;-2.876;5.206;3.76;-3.078;1.122;2.656;1.14;4.415;0.214;3.485;4.859;3.555;2.665;0.961;1.864;0.074;5.457;-0.614;0.282;8.388;-0.967;0.125;9.987;-0.659;0.124;10.884;0.231;-0.412;9.829;-0.379;-1.755;9.455;-0.451;-2.927;8.0;1.61;-1.994;8.437;3.77;0.497;9.878;-0.167;1.813;9.415;-0.227;3.008;7.616;1.714;1.728;8.16;3.75
0.017;4.777;0.008;-1.143;4.498;0.106;-2.877;5.206;3.758;-3.08;1.12;2.66;1.139;4.417;0.215;3.484;4.859;3.556;2.666;0.96;1.867;0.071;5.456;-0.614;0.271;8.388;-0.96;0.108;9.986;-0.647;0.095;10.877;0.248;-0.43;9.826;-0.371;-1.774;9.458;-0.465;-3.046;8.017;1.546;-2.215;8.433;3.751;0.477;9.876;-0.154;1.792;9.411;-0.221;3.012;7.592;1.687;1.756;8.115;3.743
0.015;4.776;0.008;-1.144;4.495;0.107;-2.875;5.205;3.76;-3.079;1.119;2.664;1.139;4.418;0.215;3.485;4.859;3.555;2.669;0.959;1.866;0.068;5.455;-0.614;0.257;8.389;-0.949;0.089;9.985;-0.629;0.066;10.87;0.272;-0.45;9.822;-0.355;-1.795;9.463;-0.469;-3.172;8.044;1.488;-2.467;8.429;3.742;0.456;9.874;-0.135;1.77;9.408;-0.213;3.028;7.57;1.651;1.819;8.062;3.743
0.014;4.776;0.009;-1.144;4.491;0.109;-2.871;5.203;3.765;-3.074;1.117;2.668;1.138;4.42;0.214;3.487;4.858;3.552;2.67;0.959;1.862;0.064;5.455;-0.612;0.24;8.392;-0.934;0.067;9.985;-0.605;0.035;10.863;0.303;-0.472;9.819;-0.332;-1.818;9.471;-0.46;-3.3;8.084;1.441;-2.744;8.428;3.743;0.434;9.872;-0.11;1.748;9.406;-0.203;3.053;7.55;1.608;1.909;8.003;3.745
0.013;4.775;0.011;-1.145;4.487;0.113;-2.864;5.201;3.772;-3.068;1.116;2.672;1.138;4.422;0.213;3.492;4.857;3.548;2.673;0.959;1.856;0.059;5.456;-0.609;0.22;8.395;-0.914;0.043;9.985;-0.574;0.005;10.855;0.342;-0.495;9.816;-0.302;-1.843;9.48;-0.438;-3.424;8.134;1.414;-3.036;8.432;3.757;0.411;9.87;-0.082;1.724;9.406;-0.193;3.083;7.531;1.56;2.013;7.943;3.743
0.011;4.775;0.013;-1.145;4.484;0.118;-2.857;5.198;3.78;-3.061;1.115;2.676;1.138;4.424;0.211;3.497;4.855;3.544;2.674;0.96;1.846;0.054;5.457;-0.606;0.198;8.399;-0.892;0.018;9.986;-0.54;-0.023;10.847;0.384;-0.518;9.813;-0.266;-1.869;9.489;-0.403;-3.535;8.192;1.409;-3.326;8.442;3.78;0.389;9.868;-0.049;1.7;9.406;-0.18;3.114;7.519;1.514;2.119;7.884;3.741
0.009;4.775;0.016;-1.146;4.481;0.124;-2.849;5.195;3.79;-3.053;1.113;2.679;1.138;4.427;0.209;3.502;4.853;3.538;2.675;0.961;1.836;0.049;5.459;-0.601;0.174;8.403;-0.867;-0.009;9.988;-0.502;-0.048;10.84;0.43;-0.542;9.811;-0.226;-1.897;9.498;-0.356;-3.634;8.255;1.426;-3.61;8.458;3.811;0.366;9.867;-0.015;1.677;9.408;-0.166;3.142;7.509;1.47;2.218;7.832;3.733
0.007;4.775;0.019;-1.147;4.478;0.13;-2.842;5.193;3.8;-3.046;1.112;2.685;1.137;4.429;0.207;3.507;4.852;3.532;2.678;0.961;1.827;0.043;5.461;-0.597;0.147;8.408;-0.842;-0.037;9.989;-0.463;-0.071;10.833;0.477;-0.567;9.809;-0.183;-1.925;9.506;-0.301;-3.717;8.319;1.465;-3.876;8.48;3.847;0.343;9.866;0.019;1.652;9.411;-0.154;3.163;7.499;1.425;2.299;7.788;3.716
0.004;4.776;0.022;-1.149;4.476;0.136;-2.836;5.191;3.81;-3.039;1.111;2.692;1.136;4.431;0.204;3.513;4.851;3.525;2.681;0.962;1.819;0.036;5.463;-0.592;0.118;8.413;-0.816;-0.066;9.991;-0.425;-0.091;10.826;0.523;-0.592;9.807;-0.14;-1.953;9.512;-0.241;-3.787;8.38;1.519;-4.121;8.503;3.885;0.32;9.866;0.052;1.627;9.414;-0.141;3.177;7.491;1.385;2.36;7.753;3.696
0.001;4.776;0.025;-1.151;4.473;0.142;-2.831;5.19;3.818;-3.034;1.11;2.7;1.135;4.434;0.202;3.517;4.851;3.519;2.685;0.962;1.813;0.029;5.466;-0.587;0.09;8.417;-0.791;-0.094;9.992;-0.386;-0.108;10.82;0.568;-0.617;9.805;-0.097;-1.981;9.515;-0.178;-3.844;8.436;1.583;-4.341;8.525;3.922;0.297;9.865;0.085;1.603;9.418;-0.129;3.184;7.483;1.35;2.401;7.728;3.675
-0.002;4.777;0.027;-1.153;4.471;0.147;-2.828;5.189;3.826;-3.031;1.109;2.707;1.133;4.436;0.2;3.521;4.851;3.513;2.688;0.961;1.809;0.023;5.469;-0.582;0.062;8.422;-0.765;-0.121;9.994;-0.349;-0.12;10.814;0.612;-0.64;9.803;-0.055;-2.006;9.517;-0.114;-3.888;8.484;1.654;-4.53;8.541;3.958;0.276;9.865;0.117;1.58;9.421;-0.116;3.187;7.477;1.322;2.429;7.712;3.656
-0.005;4.777;0.03;-1.155;4.469;0.152;-2.827;5.189;3.831;-3.03;1.108;2.713;1.13;4.438;0.198;3.523;4.851;3.508;2.69;0.961;1.804;0.016;5.472;-0.577;0.036;8.426;-0.74;-0.146;9.995;-0.313;-0.128;10.808;0.653;-0.661;9.802;-0.014;-2.028;9.517;-0.052;-3.922;8.523;1.727;-4.691;8.55;3.993;0.257;9.864;0.148;1.558;9.425;-0.103;3.186;7.471;1.299;2.449;7.703;3.641
-0.009;4.778;0.031;-1.158;4.468;0.155;-2.829;5.188;3.835;-3.03;1.108;2.718;1.127;4.44;0.196;3.524;4.851;3.503;2.691;0.961;1.802;0.01;5.474;-0.573;0.011;8.43;-0.716;-0.17;9.996;-0.278;-0.132;10.803;0.693;-0.681;9.8;0.025;-2.048;9.516;0.008;-3.948;8.554;1.798;-4.826;8.551;4.024;0.239;9.864;0.177;1.538;9.428;-0.09;3.183;7.466;1.28;2.462;7.7;3.627
-0.013;4.779;0.033;-1.161;4.467;0.158;-2.833;5.188;3.837;-3.032;1.107;2.72;1.125;4.442;0.194;3.523;4.852;3.5;2.69;0.96;1.8;0.004;5.477;-0.569;-0.011;8.434;-0.694;-0.19;9.997;-0.246;-0.134;10.799;0.729;-0.698;9.799;0.062;-2.065;9.513;0.063;-3.967;8.578;1.864;-4.936;8.545;4.052;0.223;9.864;0.204;1.521;9.431;-0.078;3.179;7.461;1.265;2.472;7.701;3.615
-0.016;4.78;0.034;-1.165;4.466;0.159;-2.838;5.188;3.838;-3.035;1.107;2.721;1.121;4.443;0.192;3.52;4.852;3.498;2.689;0.96;1.799;-0.001;5.48;-0.566;-0.031;8.437;-0.673;-0.209;9.998;-0.217;-0.134;10.794;0.761;-0.713;9.798;0.095;-2.079;9.51;0.112;-3.982;8.595;1.924;-5.027;8.533;4.076;0.209;9.863;0.229;1.505;9.434;-0.066;3.174;7.457;1.252;2.479;7.704;3.605
-0.02;4.781;0.035;-1.168;4.465;0.16;-2.844;5.187;3.838;-3.038;1.107;2.719;1.118;4.445;0.191;3.517;4.852;3.497;2.686;0.96;1.798;-0.006;5.483;-0.563;-0.049;8.44;-0.655;-0.225;9.999;-0.191;-0.134;10.791;0.789;-0.726;9.796;0.124;-2.092;9.507;0.155;-3.994;8.606;1.973;-5.099;8.518;4.094;0.197;9.863;0.251;1.49;9.436;-0.056;3.168;7.453;1.242;2.484;7.707;3.597
-0.024;4.782;0.035;-1.171;4.465;0.16;-2.85;5.188;3.836;-3.042;1.107;2.717;1.115;4.446;0.19;3.513;4.853;3.497;2.683;0.961;1.797;-0.01;5.485;-0.562;-0.064;8.443;-0.64;-0.239;10.0;-0.17;-0.133;10.787;0.812;-0.738;9.796;0.148;-2.103;9.504;0.189;-4.005;8.611;2.013;-5.155;8.501;4.109;0.186;9.863;0.269;1.478;9.438;-0.048;3.162;7.449;1.233;2.488;7.71;3.59
-0.028;4.783;0.035;-1.175;4.465;0.16;-2.857;5.188;3.834;-3.046;1.107;2.715;1.111;4.448;0.189;3.508;4.854;3.497;2.68;0.961;1.797;-0.015;5.487;-0.56;-0.076;8.445;-0.628;-0.25;10.001;-0.153;-0.132;10.785;0.83;-0.747;9.795;0.167;-2.111;9.5;0.215;-4.013;8.612;2.041;-5.194;8.484;4.118;0.177;9.863;0.283;1.468;9.439;-0.041;3.155;7.444;1.225;2.49;7.713;3.584
-0.031;4.784;0.034;-1.178;4.466;0.159;-2.863;5.188;3.832;-3.05;1.108;2.712;1.108;4.449;0.188;3.503;4.854;3.497;2.676;0.962;1.796;-0.019;5.489;-0.56;-0.086;8.447;-0.619;-0.259;10.001;-0.14;-0.131;10.783;0.844;-0.755;9.795;0.181;-2.119;9.497;0.234;-4.019;8.608;2.06;-5.22;8.468;4.126;0.17;9.863;0.295;1.459;9.441;-0.036;3.149;7.44;1.219;2.491;7.715;3.579
-0.035;4.785;0.034;-1.182;4.466;0.158;-2.869;5.189;3.83;-3.053;1.108;2.709;1.104;4.45;0.187;3.498;4.855;3.497;2.671;0.963;1.795;-0.022;5.49;-0.56;-0.095;8.448;-0.612;-0.267;10.002;-0.129;-0.131;10.782;0.855;-0.762;9.795;0.193;-2.125;9.495;0.249;-4.025;8.604;2.075;-5.238;8.453;4.132;0.163;9.863;0.304;1.451;9.441;-0.032;3.142;7.436;1.214;2.49;7.716;3.576
-0.038;4.786;0.033;-1.185;4.467;0.157;-2.875;5.189;3.828;-3.057;1.109;2.706;1.101;4.451;0.186;3.493;4.856;3.497;2.667;0.965;1.794;-0.026;5.492;-0.56;-0.102;8.45;-0.606;-0.274;10.003;-0.121;-0.132;10.78;0.865;-0.768;9.795;0.202;-2.131;9.493;0.261;-4.029;8.6;2.087;-5.251;8.44;4.138;0.157;9.863;0.311;1.444;9.442;-0.028;3.135;7.433;1.211;2.489;7.717;3.574
-0.041;4.787;0.032;-1.188;4.467;0.156;-2.881;5.19;3.825;-3.061;1.11;2.702;1.098;4.452;0.185;3.488;4.857;3.498;2.663;0.966;1.794;-0.029;5.493;-0.56;-0.109;8.451;-0.601;-0.28;10.004;-0.113;-0.132;10.779;0.873;-0.774;9.795;0.21;-2.135;9.492;0.272;-4.031;8.595;2.099;-5.257;8.427;4.147;0.152;9.864;0.317;1.439;9.443;-0.025;3.13;7.431;1.209;2.489;7.715;3.573
-0.045;4.788;0.031;-1.192;4.468;0.154;-2.887;5.19;3.823;-3.066;1.11;2.698;1.094;4.454;0.185;3.482;4.857;3.499;2.658;0.967;1.793;-0.032;5.495;-0.56;-0.114;8.453;-0.596;-0.285;10.005;-0.107;-0.131;10.779;0.88;-0.778;9.796;0.218;-2.139;9.491;0.281;-4.031;8.589;2.111;-5.256;8.415;4.159;0.148;9.864;0.323;1.434;9.445;-0.021;3.126;7.431;1.21;2.487;7.713;3.575
-0.048;4.789;0.03;-1.195;4.47;0.153;-2.894;5.191;3.82;-3.069;1.111;2.693;1.091;4.455;0.184;3.476;4.858;3.501;2.653;0.968;1.791;-0.035;5.496;-0.561;-0.118;8.454;-0.592;-0.288;10.006;-0.101;-0.129;10.778;0.886;-0.781;9.796;0.224;-2.141;9.49;0.289;-4.028;8.581;2.12;-5.247;8.4;4.172;0.145;9.865;0.329;1.432;9.446;-0.017;3.121;7.431;1.216;2.482;7.711;3.581
-0.051;4.79;0.029;-1.199;4.471;0.15;-2.9;5.191;3.816;-3.073;1.112;2.687;1.087;4.455;0.183;3.47;4.858;3.502;2.646;0.97;1.788;-0.038;5.498;-0.562;-0.121;8.456;-0.589;-0.289;10.007;-0.095;-0.123;10.778;0.891;-0.782;9.797;0.229;-2.142;9.487;0.293;-4.023;8.564;2.123;-5.227;8.383;4.183;0.144;9.865;0.334;1.431;9.447;-0.011;3.116;7.433;1.228;2.471;7.711;3.592
-0.055;4.791;0.027;-1.202;4.473;0.147;-2.908;5.191;3.812;-3.076;1.113;2.68;1.084;4.456;0.182;3.464;4.857;3.502;2.64;0.972;1.784;-0.04;5.5;-0.563;-0.12;8.458;-0.586;-0.288;10.008;-0.091;-0.112;10.778;0.895;-0.781;9.799;0.233;-2.14;9.483;0.29;-4.018;8.534;2.109;-5.193;8.361;4.186;0.145;9.866;0.338;1.433;9.448;-0.004;3.11;7.435;1.249;2.456;7.717;3.61
-0.057;4.793;0.025;-1.205;4.476;0.144;-2.915;5.191;3.807;-3.079;1.114;2.673;1.08;4.456;0.181;3.46;4.857;3.502;2.633;0.975;1.78;-0.042;5.501;-0.566;-0.113;8.459;-0.586;-0.28;10.01;-0.091;-0.095;10.779;0.894;-0.775;9.801;0.231;-2.132;9.476;0.272;-4.011;8.483;2.068;-5.129;8.336;4.178;0.151;9.866;0.339;1.44;9.448;0.002;3.102;7.436;1.276;2.438;7.728;3.633
-0.059;4.794;0.022;-1.208;4.479;0.139;-2.921;5.194;3.801;-3.083;1.115;2.67;1.078;4.455;0.18;3.457;4.859;3.501;2.629;0.976;1.779;-0.041;5.502;-0.569;-0.099;8.46;-0.592;-0.264;10.012;-0.1;-0.068;10.781;0.883;-0.761;9.805;0.219;-2.116;9.467;0.233;-3.994;8.408;1.99;-5.004;8.312;4.157;0.164;9.867;0.333;1.454;9.445;0.004;3.095;7.435;1.305;2.42;7.746;3.657
-0.06;4.795;0.018;-1.21;4.484;0.135;-2.926;5.198;3.795;-3.089;1.117;2.672;1.075;4.453;0.179;3.456;4.861;3.498;2.628;0.976;1.782;-0.039;5.501;-0.574;-0.075;8.46;-0.609;-0.237;10.014;-0.123;-0.032;10.785;0.857;-0.738;9.811;0.193;-2.089;9.458;0.171;-3.952;8.307;1.886;-4.771;8.288;4.135;0.186;9.869;0.315;1.476;9.44;-0.006;3.089;7.429;1.331;2.405;7.767;3.676
-0.06;4.797;0.014;-1.212;4.491;0.13;-2.928;5.203;3.791;-3.095;1.12;2.676;1.074;4.451;0.178;3.457;4.865;3.495;2.626;0.977;1.787;-0.035;5.5;-0.581;-0.043;8.459;-0.634;-0.201;10.016;-0.158;0.008;10.79;0.818;-0.707;9.817;0.153;-2.052;9.45;0.093;-3.88;8.191;1.77;-4.423;8.258;4.1;0.217;9.871;0.285;1.506;9.433;-0.026;3.085;7.42;1.349;2.395;7.784;3.689
-0.059;4.798;0.01;-1.212;4.497;0.127;-2.926;5.209;3.788;-3.1;1.124;2.682;1.073;4.448;0.177;3.457;4.869;3.492;2.627;0.977;1.793;-0.031;5.498;-0.589;-0.009;8.456;-0.665;-0.162;10.017;-0.199;0.049;10.796;0.773;-0.671;9.823;0.109;-2.012;9.445;0.018;-3.777;8.077;1.678;-3.984;8.213;4.058;0.251;9.872;0.248;1.539;9.425;-0.053;3.083;7.413;1.362;2.386;7.793;3.696
-0.059;4.799;0.006;-1.212;4.503;0.124;-2.922;5.213;3.788;-3.103;1.127;2.688;1.073;4.446;0.174;3.456;4.873;3.489;2.627;0.977;1.797;-0.028;5.496;-0.597;0.021;8.453;-0.695;-0.127;10.018;-0.239;0.084;10.802;0.729;-0.638;9.828;0.069;-1.976;9.443;-0.032;-3.644;7.978;1.644;-3.494;8.148;4.027;0.285;9.873;0.211;1.572;9.42;-0.083;3.082;7.41;1.372;2.37;7.787;3.702
-0.058;4.8;0.001;-1.213;4.509;0.122;-2.915;5.216;3.79;-3.104;1.129;2.693;1.072;4.445;0.17;3.453;4.876;3.486;2.628;0.978;1.799;-0.026;5.495;-0.605;0.043;8.451;-0.721;-0.099;10.018;-0.272;0.111;10.808;0.691;-0.61;9.831;0.037;-1.949;9.445;-0.052;-3.497;7.902;1.668;-3.018;8.069;4.007;0.313;9.874;0.178;1.601;9.417;-0.109;3.081;7.413;1.382;2.345;7.771;3.708
-0.059;4.802;-0.003;-1.214;4.513;0.122;-2.908;5.218;3.794;-3.103;1.131;2.697;1.07;4.444;0.164;3.45;4.878;3.481;2.627;0.979;1.795;-0.027;5.494;-0.612;0.056;8.449;-0.742;-0.079;10.018;-0.297;0.129;10.813;0.663;-0.589;9.833;0.016;-1.93;9.448;-0.047;-3.348;7.848;1.732;-2.596;7.986;4.0;0.334;9.874;0.151;1.623;9.417;-0.132;3.08;7.421;1.392;2.314;7.748;3.713
-0.062;4.803;-0.007;-1.217;4.516;0.121;-2.9;5.218;3.799;-3.099;1.133;2.697;1.068;4.444;0.157;3.447;4.879;3.475;2.625;0.981;1.786;-0.03;5.494;-0.617;0.06;8.448;-0.757;-0.07;10.018;-0.313;0.14;10.816;0.643;-0.577;9.834;0.004;-1.92;9.452;-0.027;-3.217;7.814;1.809;-2.267;7.911;4.003;0.348;9.875;0.131;1.637;9.419;-0.151;3.077;7.429;1.397;2.286;7.724;3.714
-0.065;4.804;-0.011;-1.22;4.519;0.122;-2.891;5.217;3.806;-3.093;1.134;2.696;1.065;4.444;0.15;3.446;4.879;3.465;2.622;0.983;1.772;-0.035;5.494;-0.622;0.059;8.448;-0.767;-0.066;10.018;-0.325;0.146;10.82;0.629;-0.571;9.836;-0.003;-1.914;9.456;-0.004;-3.113;7.793;1.877;-2.027;7.854;4.009;0.355;9.876;0.116;1.645;9.422;-0.167;3.075;7.436;1.395;2.267;7.704;3.71
-0.069;4.805;-0.015;-1.223;4.521;0.122;-2.882;5.216;3.813;-3.086;1.135;2.695;1.061;4.444;0.142;3.449;4.879;3.453;2.618;0.986;1.755;-0.041;5.495;-0.627;0.056;8.449;-0.776;-0.065;10.019;-0.333;0.149;10.822;0.618;-0.568;9.837;-0.008;-1.912;9.458;0.013;-3.044;7.78;1.921;-1.876;7.819;4.009;0.359;9.877;0.105;1.648;9.425;-0.182;3.075;7.441;1.387;2.262;7.69;3.701
